479-221
(425) 882-8080
(425) 703-7777
83 13/16
50060002
01071999
01071999
01071999
01071999
01071999
555-9432
68.136.88
000 (14
0.00023
800-555-4995
800-380-3180 (24
800-555-4995
800-555-4995
800-380-3180
800-555-4995
800-555-4995
800-555-4995
800-555-4995
7/12/99
7/19/99
6. 1999
4/27/98
(800) 706-3330
(800) 345-6839
(800) 616-9111
07051999
4. 1.48
40-30-30
800-900
40-30-30
(800) 537-7887
0. (2/15/99
(800) 729-6686
40-40-20
706-3330
882-8080
50-25-10-10
(800) 706-3330
45 (1994
3017.13
3017.23
3017.09
5 (1994
01071999
01071999
98-1856
7 (1982
000 (12
000--17
405 (1980
761 (1985
(800) 547-1160
(800) 869-3446
(800) 762-7325
(800) 926-7000
(800) 344-4444
(800) 345-3371
(800-669-1603
631005-3098
0171 782 4105
(703) 548-5553
(212) 725-2295
(732) 390-4480
01071999
01071999
(800) 633-4227
01071999
01071999
01071999
01071999
01071999
0.1415926
0.000009
01071999
01071999
01071999
01071999
01071999
01071999
01071999
(212) 603-1844
01071999
01071999
3/28/86
01071999
01071999
768-769
01071999
01071999
01071999
01071999
01071999
01071999
01071999
01071999
01071999
01071999
800.) (11/14
447 (1991
550 (1983
513 (1959
519 (1958
9/21/99
777-3380
(202) 888-3737
888-3738
(202) 899-0679
50-75-125
50-75-125
(800) 944-7848
746-750
468-2277
578-6887
746-5464
(805) 927-5259
879-884
670 003
93 (91.23
3.31-33
4.79-80
3.19-20
444 (1989
536 (1985
564 (1986
308 (1988
593 (1987
579 (1989
549 (1989
421 (1988
364 (1988
474 (1989
519 (1989
51 (1985
340 (1985
453 (1989
395 (1987
375 (1987
544 (1987
797 (1989
57 (1987
302 (1987
975-7317
3/7/10/14
+212-387-1591
0.000012
0.000018
44.8791254
304-307
343-379
362-365
366-379
8 (01-722-7722
3 (1660
2 + 2433
(800) 234-1340
(313) 961-1383
363-376
416-418
5/31/95
4/14/96
393-401
406-407
4 (1986
6/30/2000
317.283.1331
317.923.1331
638-3360
(317-274-8828
617-742-2553
870-777-4455
722-6929
(1-800-221-7437
6/30/2000
317.923.1331
638-3360
603-654-5944
317.923.1331
921-1288
518-445-1273
32-141-93
32-142-08
(317)630-2018
693-9222
(317) 634-6102
(317) 634-6102
924-6770
(317) 274-3246
594-3341
(603) 880-1490
(603) 889-2275
4. 1999
46202-5198 (317
500 -999
46208-4718
1-800-545-6843
(800) 749-2257
317/274-5625
(317-274-8828
46208-4718
500 -999
317/630-2925
924-6770
84 3750
46244-0992 (317
317.923.1331
317.923.1331
(808) 543-2213
921-2049
921-2056
(317-274-8828
(800) 877-6773
46208-0409
30 2003
500-1500
4-11-29
04-12-04
04-11-1886
300 - 500
900 -1300
5/10/04
04/18/04
01/06/04
49485839
735-804
800-850
(1793 - 1864
9/11/04
9/06/04
4/28/1958
9 11 12 13
33 34 35
43 44 45 46 47
50 51 52
44 45 46 47
33 36 37 39
33 34 35
33 34 35
50 + 10
50 + 10
69 70 71 72
50.0-50
9590-9989
(12 + 9 + 40)/240
58/2786
637/840
3/10 (30
33 34 35 36 37
40 41 42
34 36 55 56
5 13 14
0/0.074
35 36 37 38
35 36 37 38
36 37 38
39 40 41
47 48 49 50 51
58 59 60 61 62
71 72 73
0.1-0.25
68 - 82
0.187 - 0.695
0.208 - 0.631
0.301 - 1.032
0.209 - 0.758
4 11 13 16
4 11 13
00032218
87-3.52
0.82-4.56
06-4.43
96-5.13
0.77-3.84
06-2.24
00-1.47
500-1000
3 11 12
30 31 32 33
550-690
35 36 37 38
40 41 42
3.2 (95
9 10 11 12 13
30 31 32
8.25-7.85
7.60-7.19
7.05-6.95
6.05-6.01
5.39-5.30
5.12-4.79
4.35-4.27
4.19-3.75
8.25-7.85
7.60-7.24
7.10-6.96
6.10-6.01
5.42-5.38
5.10-4.60
4.35-4.25
4.20-3.75
34.4-39
34.4-50
34.4-39
38 39 40 41 42
46 47 48
7 8 9 10
000060 (.000075
07(4.72
(0.00414) 28
(0.01118) 28
5(21/212
3 -61.76
8 -58.87
0.13 (95
0.04-0.43
3.69 (95
4.53 (95
79-11.50
4.45 (95
55-12.78
4 7 8 9 25
382-471
483-576
593-675
632-635
765-785
888-920
7 (0.28
2 (0.006
7 (0.005
826-850
58-34.26
65-1.03
88-5.54
34-9.66
(3.79-10.20
94-7.60
0.00001
2 5 14 37 38
5 6 7 8 9 10 11
32 33 34 35 36
34 35 47 48
2 39 49 50
39 51 52
37 38 55
34 35 56
57 58 59 60
6970.3335
34 35 36
85 87 88
(3850-100-01
1 31 32 33
0.02-2000
0.01-10
0.02-200
7 27 28
30 31 32
5 37 38
80 - 95
66 - 72
50 - 250
32 33 34
3 (0.16
32 33 34
7 8 9 10
4 6 15 16
0018). 57
4632-5.8950
0.3214-0.7326
0.1923-0.6981
3909.00
9 10 11
42 43 44
38 48 49 50
0.00001
0.00001
8 9 10 13
323-339
323-339
8 (53-6.72
323-339
6 15 16
7 8 9 10 11
671 + 16 579
475/504
32-0.91
337 (70
749-732
734-718
4629037
43658(43658
6596918
9267021
0.03087
0.03027
623 (41
0.99998812
1 2 3 4 5 6 7 8 9 10
31 32 33 34
46 47 48 49 50
46 47 48 50
61 62 63 64
33 46 47 48 49
46 47 48 49 50
46 47 48 49 50
3-300/46
472-481
30 31 32 33
9 10 11 12 13 14
4.21-139
0.03-0.37
0.61-3.30
4.08-137
3 23 24 25
32/68 (47
5/47 (11
7 8 9 10
30 31 32 33
30 32 33 44 45
38 50 51 52 53
46 48 49 56 57
58 59 60 61 62
6100/66
0 - 120
7500/100
410.0-410
00-250.93
30 31 32 33
34 35 36 37 38
39 40 41
43 44 45
50 51 52 53 54
56 57 58 59 60
54 59 63
66 67 68 69 70
77 78 79
77 80 81
83 84 85
9 10 11
418 (400
6 7 8 9 10 11 12
2 27 28 29 30 31 32
33 34 35 36 37
40 41 42 43
45 46 47 48 49
50 51 52 53 54
55 56 57
58 59 60 61 62
75 76 77 78
81 82 83
71 84 85 86 87
88 89 90 91
92 93 94 95 96
97 98 99 100
0.01 (14/17
5 6 7 8 9 10 11
30 31 32
39 40 41
1 46 47 48 49
30 45 50 51 52
5 9 11 53 54
4 5 6 7 8 9 10
7 8 9 10
6 11 12
6 11 12
2 ) (102
533-547
371-386
40 41 42 43
9 10 11 12
48242-73500
0.08-0.78
0.47-0.92
1 2 3 4 5 6 7 8 9 10
30 31 32
30 31 32
40 41 42 43
44 45 46 47 48
4 10 11 12 13
4 12 13 16 17
4 12 13 20
4 18 22 23
30 31 32 33 34
35 36 37
2 3 8 9 10 14 38 39
40 41 42
8 43 44
49 50 51 52 53
4 49 50 52 53
30 35 54 55 56
63 64 65 66 67
400-700
30 31 32
8 13 14 15
06-3.06
57-4.51
06-1.55
50-4.41
73-2.64
4 10 11
0.01 - 0.05
33 34 35
9 10 11 12 13 14
61414 (309
36 40 41 42
43 44 45 46
500-750
33 34 35 36 37
34 39 43
36 41 44 47
779-1078
08-004-02
2 3 12 13 14 15 24
31 32 33 34 35
0.00001
0.00001
9 10 11 12 13
2 3 4 16
32 33 34 35
41 42 43 44 45
600-674
312-317
5686628
929-990
384-578
629-960
629-960
384-578
353-494
583-702
353-383
583-631
7 8 9 10 11 12
7 24 25
30 31 32
7 12 16
32 38 39 40
1 7 13 14
488-490
34 36 37 38
9 10 11
9 10 11
34 35 36
9 10 11 12
9 11 13 14 15 16
9 11 15 17
7 22 23 24 25 26
0.125-5.00
45 46 47 48 49
50 51 52 53
55 56 57
71 72 73 74
32 33 34
9 10 29
4681879
7/27 (26
+ 29-50
4681879
7418176
31 32 33 34
47 53 54 55
445-105
8 9 10 11 12 13
39 40 41
45 46 47
44 48 49
51 52 53
780 (100
05 (281
3937 (70
351/472
0.1/1000
87 - 2.84
0.64 (95
0.44 - 0.95
9 10 11 12
0083602
480-500
657-678
545-567
782-803
34 35 36 37
9369337
0 71450
018314 (12
9836834
5 6 7 8 9 10
2 (1-331
2 (1-331
348-359
2 (1-331
7 8 11 13 14 15
30 31 32
30 31 32
38 39 40
43 44 45
50 51 52
57 58 59
4504215
41-2272
33 34 35
33 34 35 36
1 (142-369
47 48 49
50 51 52 53 54
3 (1-263
66-1740
0.01-0.001
7 11 12
8/29/00
0.2-0.40
7 11 12
35 36 37
1 2 3 4 5 6 7 8 9 10
1 7 8 16 17 20
6 16 20
9 12 13
810 (88
321 (40
47 - 4.06
05 - 2.95
0.81 - 2.98
941 300
000/+100
000/+100
000/+100
000 (100
0.72-1.39
0.49-1.45
0.81-1.82
0.37-1.16
31 32 33 34 35
7 8 9 15
7 19 20
86/8/59
4390242
1 2 3 4 5 6 7 8 9 10
1 16 17 18 19
31 32 33 34 35
30 31 32 33 34
99.9997
1 16 17 18 19
1 2 3 4 5 6 7 8 9 10
30 31 32 33 34
35 36 37
30 31 32 33 34
30 31 32 33 34
303-482
2 (1-1575
84-3196
9 10 11 12
7 8 9 10 11
6 7 15 16
98059 (2.5-25
98059 (2.5-10
4 5 6 20 21
0.05 (38
8.01 (39
44 45 46 47
95-5547
5548-7195
3763-4074
4186-4518
4570-4782
4915-5539
8 12 13
31 34 35 36
30 31 32 33
38 39 40
348-366
34 35 36 37
41 42 43
3 7100/80
4 7 14 17 18
510-550
590-650
479-501
398-413
0.00057
37 38 39
32 33 34 35 36
3.5-5 (30
5-7 (20
7-9 (10
38 39 40
50 51 52
38 39 40
9 10 11 12
35 36 37
8 16 22
6 13 15 17
0.28-1.50
0.66-1.85
0.002-0.02
0.004-0.009
0.24-0.40
0.13-0.40
2 (0.002
30 31 32 33 34
7 8 9 10 11
31 32 33 34 35
39 49 50
57 58 59
352-399
539 (95
8 15 16 17
0.02 0.01 0.63 0.00
0.53 0.07 0.30
0.52 0.27 0.57
0.0156 0.0138
0.6314 0.0001
0.0703 0.3004
0.5169 0.2742
3 19 20
34 35 36
8 9 10 11
38 39 40
7 11 12 13 14
42 43 44
45 46 47
56 57 58 59
70 71 72
75 76 77
8 11 36
00-1.03
00-1.03
79-2.32
58-2.13
0.67-1.38
0.90-1.15
33 34 35
31 37 41
3421 - 3707
9 10 11
6 15 16 17 18 19
6 8 24 25 26 27
5 7 8 9 29
3 30 31 32 33
30 31 32
6100-6397
9592-9876
6 9 10 11
61-7000
6.12.03
06.08.02
07.01.04
07.01.05
01.03.01
01.03.04
01.04.07
01.04.08
06.02.01
07.01.03
07.01.06
4 5 6 7 8 9 10
9 10 12
9 20 21
476-131
6 7 9 11
746-748
7 8 9 10 11
0.2-0.35
57 58 59 60
70 71 72
5 10 11 12
44 -343
52 (3011
47 - 65 (2971
8 24 25
08/14/01
750 000
9 10 11 12
800-43 700
37 38 39
40 41 42 43
44 45 46 47
6 19 20
8 9 10 11 12 13
33 34 35
37 38 39 40
43 44 45
47 48 49 50
38 51 52
53 54 55 56
700-800
9 13 14 17 28 29
625-749
62 63 64
626-750
673-994
62 63 64
67 68 71 72 73
583-603
592-659
311-368
369-419
369-419
578-632
84 85 86 87 88
91 92 93 94
6 8 9 10 11 12
400 - 600
1 2 3 4 5 6 7 8 9 10
544 (14
008 (19
3025 (38
+851 (10
3025 (45
+851 (15
308 (11
+1304 (13
05-1.27
01-1.40
0.37-0.71
9 10 11
5 6 7 9 10 11 12
7 12 13
0.25 + 0.027
4 (127/31
791-803
9 10 11
6 12 13 14 15 16
604-606
00-1.50
41 42 43 44
51 52 53 54 55
1 2 3 17
7 8 9 10
479 (82
9 10 11 12 13
0.00016
33 34 35
51 52 53
30 31 32
610-770
43 44 45 46 47
43 44 48
610-770
30.06.02
332-450
7 11 12
30 31 32
34 35 36 37 38
3 13 14
3 15 16
30 31 32 33 34
5 39 40
400 (25
36 37 38
39 40 41
0.42 (95
0.74 (95
4 19 20 21
9 10 11 19 20 27
32 33 34
37 38 39
7 8 9 10 11
2 31 34 35 36
7 8 9 10 11
40-2500
0.00001
4 15 16
9 10 11 12
0.91 (95
36 38 39 43
(733.00-733.03
0.72-0.75
36 39 40
787-1348
851-1496
370-990
7 10 25
300-500
7 10 24
340-1655
6 20 21
6 20 21
30 31 32 33
5 21 34 35
(10/1/92-9/30/93
01/01/92
09/30/95
0.70-0.91
0.52-0.90
0.44-0.95
07-1.47
0.76-0.96
40-3.01
04-1.23
0.26-0.81
0.21-0.69
30 31 32
4 5 6 7 8 9 10
0.54 (15
0.51 (11
4 21 22
980611-21
7 8 9 10 11 12
4 17 18
9 10 11 12
7 8 9 10 11
7 8 9 10
5 6 7 8 9 10 11
5731(78
334 (95
713 (37
731 (37
9294660
4006978
6288682
3482914
9294660
4006978
6288682
6 7 8 9 10 11 12
519+/-54
8 9 10 11 12 13
0.30-1.21
0.992-0.997
0.68-0.96
0.28-0.98
0.93-1.13
9 10 11
35 36 37 38
32 33 39
1-732-641
9 11 12 13
0.00625
0.00625
86-5.02
01-6.50
57-27.41
71-12.58
65-29.18
9 12 36
69-0.89
9 10 11
31 32 33
56 57 58
63 64 65
8 9 10 11
59 + 69.47
1 2 3 4 5 6 7 8 9 10
5 9 11 30
31 32 33 34 35
30 - 100
9857+15
1 2 3 4 5 6 7 8 9 10
7 9 13 14 15
1 2 3 4 5 6 7 8 9 10
9 15 30 31
9 15 30 31
9 33 34
2 5 9 10 13
6 7 8 9 10 11
4246 (77
30 31 32
30 31 32
33 34 35
098059 (10
97 - 102
46 47 48
49 50 51
56 57 58 59
34 65 67
1 26 29 30
500-800
3.12-7.32
0.55-4.87
0.33-10.83
0.10-3.86
30 31 32
33 34 35
40 41 42 43 44
45 46 47 48 49
7 34 35
9 16 38 39
34 35 36 37 38
450-500
8 9 10 11
0.550 - 0.0359
+ 3.603
+ 5.210
0.184 - 0.0298
+ 2.829
413 - 0.0318
+ 4.104
024 (0.075
967 (0.628
743 (95
362 (95
490 - 7.214
35 36 37 38
0.12 (-0.04
6 7 8 9 10 11 12
450-490
515-560
515-560
7 27 28
30 31 32
33 34 35 36 37
41 42 43
300-600
306 (43
35 36 37
44 45 46
37 38 39 40 41
46 47 48 49
53 54 55 56
53 54 55
0.25 (50
0.8 (50
8 12 13
497 - 514
32 40 41
37 38 39
40 41 42
38 39 44
38 54 55
54 55 65
7 10 11
3 4 5 6 7 8 9 10
3 4 5 6 7 8 9 10
6 11 34 35
36 37 38
6 11 34 35
42 43 44
36 37 38
0.33-12
520-560
4 14 15 16
6 12 18 19
6 23 25
43 44 45 46 47
951-1611
3 (2000
7 8 9 10
31 32 33
000-100
505-837
30 31 32
350-837
302-668
5 8 9 10
7 30 31 32
557363.9367
42 43 44
5 8 9 10
3 15 16
3 5 6 15 16
9 10 11
9 10 11
31 32 33
33 36 37 38 39
32 37 40 41
77.07) + 0.510
5.56) + 0.448
6 10 11
6 19 20 21
7 16 17
7 25 26
430-630
9 25 26 27
768-773
4687-4702
600-700
6.5 (100
9 10 11
(421.21-455.81
5005 (46
983 (20
000 000
(4.92-4.50)/1.44
96+.84) 2/.29
6 13 30
4 5 6 7 8 9 10
8 9 10 13 14 15
32 33 34 35
33 34 35
430-438
968 (377
000 (682
000 (660
000 (68
000 (750
000 (716
000 (784
000 (682
700 (23
72.1 (72
022 (17
800 000
000 - 40
32 33 34 35
6 37 38
41 42 43 44
617 (68
9590-9989
088 (82
594 (10
(1.99 - 2.40
(1.12 - 1.29
(1.08 - 1.24
(1.04 - 1.22
01-1.27
48 (1.38-1.58
04-1.28
36 (1.31-1.43
84-1.11
04-1.31
2 3 17 18 19
35 37 38 39
792 (10
3002 (98
33 34 35
02-0056
5 10 11 12 13 14
0.67 (95
0.55 (95
34 - 0.91
45 - 1.05
0.34 (95
0.54 (95
33 - 0.89
0.79 (95
49 - 1.26
76 - 1.72
0.87 (95
54 - 1.39
0.81 - 1.84
0.65 (95
37 - 1.15
0.60 (95
30 - 1.23
0.30 (95
46 - 1.45
0.32 (95
30 - 1.12
4 8 9 17 18
4 34 35 36 37
500-1000
66 - 74
1 19 20 21
1 2 4 5 13 28
30 31 32
000 (10
1 2 10 12 13 22 24
4 8 9 10 11
6 20 21 22 23 24
6 20 21
6 20 21 22
(0.071-0.118
309-312
31 32 33
8 9 10 11 12
31 32 33
30 - 40
43 44 45
30 45 46 47
51 52 53
600-1000
3.2.1.48
(24.5 +/- 18
(54.4 +/- 25
(160.8 +/- 52
9 10 11 12
500.000
67.51/118.08
349.88/274.51
531.02/270.83
02/265.17
326.7....500
300-500
500-700
700-900
500-4200
419 (56.1-65
8 28 29
42 43 44
1 2 7 11 12 13 14
562-568
392-394
1 2 14 15 16
3 4 5 40
51 52 53 54 55
56 57 58 59 60
61 62 63 64
65 66 67 68 69
70 71 72 73 74
75 76 77 78 79
80 81 82 83
84 85 86 87 88
89 90 91 92 93
94 95 96 97 98
3 4 6 8 9 12 17
30 31 32
37 38 39
40 41 42
721 (80
362 (16
317 (14
30 31 32 33
39 40 41
44 45 46
577 (55
479 (45
7 17 18 48 49
62 63 64
70 71 72 73
74 75 76 77 78
79 80 81
47 90 91
500-1000
7 16 71
7 16 70 71 72 73
71 74 75 76 77
78 79 80 81
82 99 100
7 8 9 10 11 12
303-338
46 47 48 49
361-392
386-417
361-392
386-417
30 31 32 33 34
35 36 37 38
30 31 32 33 41
42 43 44
46 47 48
400-600
(0.20)(0.40
47 48 49
3 4 10 12 13
6 7 8 31
42 43 44
49 51 52
0.2-200
6 7 8 9 10
9 10 11 12
0814.10
00000000
(10/25/75/90
3117) + 0.24
5 6 7 8 9 10 11
30 31 32
0.70 (95
0.59-0.77
0.71 (95
0.66-0.76
0.82 (95
0.79-0.85
0.77 (95
0.73-0.81
0.59-0.77
0.71 (95
0.66-0.76
0.82 (95
0.79-0.85
0.77 (95
0.73-0.81
30 31 32
360-377
7.5 (100
9.5 (100
7290879
300-350
4808539
3273207
4 14 15
4 26 27 28
3 39 40 41
42 43 44
50-1000
9 10 11
31 32 33
32 34 35 36 37
30 31 32
33 36 37 38
40 41 42 43 44
42 43 45
+/-0.32
+/-1.41
30 32 33
56 57 58 59
55 60 61 62
33 36 37 38
32-3300
71-8700
9 10 11
03-1.20
0.000124
32 18 33
47 48 37
47 48 37
48 49 50 51
39 15 13
30 31 32
5 12 15 32
1 2 3 8 9 32 35
36 37 38
2 3 8 9 35 36 37 38
6 14 16 19 29 30
6 7 16 19 28
47 48 49
7 8 9 10
35 36 37
693 (43
475 (29
0000518
7443833..7443537
63 64 65
318 (59
00095448
377 (96
9 10 11
36 37 38
31 40 41 42
35 72 73
34 35 36
3 26 29
37 38 39
2 500-700
2 400-500
7.0)/10
568-573
4.2.1.18
568-573
4 11 12 13 14 15
4 7 9 12 16 17
2 9 12 16 17
2 4 7 9 12 16 17
6 12 13
31 32 33 34
37 38 39
37 38 39
37 44 49 51 56
6 10 20 23
30 31 32
7 8 9 10 11 12
6 21 23 24
463 (355
0.0001) (86
98-0.99
98-0.99
5 14 15
944-983
66 (100
9 10 11 12 13
6 26 27
32 33 34
33+0.67
5 6 7 8 9 10 11
3261-77
3261-77
3261-77
8 9 10 11
7 11 16
8 27 28
48 49 50 51
52 53 54
6 7 8 9 10
79 0- 13
79 0- 33
6 7 8 9 10 11 12
6 7 8 9 10 11 12
8 9 10 11 12 13
8 9 10 11 12 14
31 32 33 34 35
+ 0.0656
7 8 9 10
2 (11-64
67 (3-34
0.13-0.19
808-0143
64 (0.02
9 10 11
7 8 9 10 11
4 10 30
36 37 38 39 40
43 40 44 42
51 52 24 43 40
56 40 38
43 40 44 42 38
90 91 92
54 96 97 98 65
96 53 108
63 95 139
52 54 65
51 132 133 134
82 92 135
39 40 41
0.06-0.59
0.33-0.89
0.33-0.98
49 50 51 52 53
32 34 35
3 49 51 54 55 56
49 51 54
0.35-1.45
9 10 11
302/560
530/565
468/510
557-586
557-586
557-586
40 41 42 43
42 45 46 47
48 49 50 51 52
59 61 62 63 64
0.99-1.00
4 6 11 14 16 17
6 11 13 16 20
6 9 11 12 13 14
6 7 8 9 10
67/47/37
69/40/22
86/55/32
67/47/37
70/41/22
85/55/32
33 34 35
36 37 38 39
44 45 46 47
7 8 9 10 11 12
000-240
1 21 22 23
36 37 38 39 40
37 38 40
0 (2.58
1 20 41 42 43
300-500
5 10 11 12 13 14
3 10 16 18
3 15 19
1 5 6 31
3 15 16 17 18 34
8 35 36
8 9 10 11 12
30 31 32
33 34 35 36
5 6 38 39
42 44 45
5) 9.66 +/- 6.08
88 +/- 1.48
+ 1-154
+ 1-154
+ 1-125
33 34 35 36 37
40 54 55 56
31 45 46
8 37 38 39 56
+ 154-257
+ 1-154
+ 1-154
022-1.434
6029138
9 17 18 19 20 21
30 31 32
33 34 35
7.0). 400
(2 5 5 75 20 20 500
9 10 19
8 20 21 22 23
0.84-2.46
0.69-1.68
0.00001
0.00001
8 27 28
0.84-2.46
0.69-1.68
30 31 32
33 34 35 36
34 37 38
37 38 39 40
35 39 40 41 42
43 44 45 46 47
6 7 8 9 10 11
36 + (90
52+(100
36 + (90
52+(100
395-454
2 4 8 13 14 15 16
02 (0.3021
03 (0.7482
07 (0.4748
08 (0.1655
44 (0.2590
44 (0.0508
07 (0.2966
0.53 - 0.83
0.19 - 0.31
3.8 - 15
2 32 33 34
9 35 36
35 36 37 38 39
40 41 42 43
33 34 35 37 38
32 33 34 35
0.23-0.54
0.20-0.67
0.20-0.27
41-0.76
0.10-0.46
51 52 53
55 56 57
34 66 67
33 66 69
61 62 63
7 8 9 10
700 - 1600
1 422 - 1292
2 117 - 747
3 41 - 129
4 1 - 291
70 - 400
40 - 230
8.0 2000
02 (0.5292
03 (0.2875
02 (0.5206
01 (0.3397
03 (0.2739
44 (0.3167
07 (0.2667
44 (0.2866
08 (0.2487
07 (0.2259
4 5 6 19 20
0.0092 (2/217
3 6 19 20 21 22
6 19 20 21 22 23
02-21.00
04-1.34
01-4.30
55-8.20
09-20.08
02-4.22
3 10 11 12
6000-14
000-133
30 31 32 33 34
35 36 37
340-860
9 10 23
418 (200
5 9 10 11
5 14 19
30 31 32
33 34 35 36 37
31 32 33
39 40 41
33 34 35 36 37
31 39 40
30 31 32 37 38
46 47 48
415-417
5 6 7 8 9 10
9 18 21 22
65/238 (27
90/106 (85
75/132 (57
37/132 (28
04/19/02
007592.13
300.000
480.000
720.000
3 .6826
300.000
480.000
720.000
+ 0.00188
0.00235
+ 0.00287
7 11 22
70/95/100
655 (0.379
1 20 21 22
4 12 13 14 15 16
4 11 12 13 14
52-3.38
06-2.89
0.86-5.21
33.2/1000
0.3/1000
0.04/1000
355-374
741-759
32-4.81
05-3.87
3.01 (95
49-5.51
3 4 8 9 11
6 15 16
8 9 10 11
3056-3155
07438-01
2 11 15 16 17 18
8/6 (68
650/1500
9 10 11 12 13
9.3 - 17
56 57 58
54 55 60 61
500-1000
0.26-0.98
0.33-0.97
755 (58
785 (60
9 10 11
6 7 8 9 10 11 12
30 31 32 33 34
35 36 37
30 31 32 33 34
40 41 42 43 44
45 46 47
48 49 50 51 52
48 49 50 51 52
53 54 55
53 54 55
53 54 55
39 40 41 42 43
31 32 33 34 35
41 42 43 44 45
46 47 48
7 8 9 10 11 12
39 40 41 42 43
44 45 46
2 (0.974
48 49 50 51 52
48 49 50 51 52
53 54 55
35 38 39 40 41
35 36 37
39 40 41
42 43 44
5 6 7 8 9 10
05-0.15
9635595
2 3 4 5 6 7 8 9 10
36 37 38
0500-1900
40 41 42 43 44
60 61 62 63
65 66 67 68 69
36 37 38
76 77 78 79
711-095-152
0100-01
6 14 15 16 17 18
47 48 49
9 10 11 12 13 14
9 10 11 12 13
0.0000786
409.75936
418.11364
435.0751
464.3617
418.1136
435.0751
464.3617
4003.645
4906.962
6599.8232
6801.495
8234234
410.13727
417.73207
435.07512
4027.2999
8035.0581
3676.3951
3937.7816
4003.6449
4440.095
5269.0367
417.73207
435.07512
3937.7816
3991.8435
4821.0481
4839.2088
5269.0367
7627.1183
435.46452
465.56916
435.0751
464.3617
7921478
433-437
481-482
7921478
346-353
37 38 39
44 45 46 47 48
9 10 11
5 32 33 39 40 41
418 (400
9 10 11
35 36 37
40 7 19 41
44 25 26 45
46 47 48 49
500-637
900-299
9 10 11
30 (141.74
35 36 37
38 39 40 41
43 44 45
1 2 46 47 48
52 53 54
47 59 60
63 64 65
4 6 11 12
7 21 22 23
0.027-0.035
0.021-0.098
0.987-0.980
821-462
350-500
08-004-02
324-497
327-549
350-500
7 8 9 10 11 12
9 12 16 17 18
1 2 22 23 24 25 26
44 45 46
47 48 49
9 10 11
39 50 51
52 53 54
55 56 57
37 38 39 40 41
32 44 45
47 59 60 61 62
63 64 65
32)/300
8 9 10 11
32 33 34 35 36
37 38 39 40 41
42 43 44
45 46 47 48 49
50 51 52 53
54 55 56 57
37 38 40 41
44 45 46 47 49
51 53 57
38 40 44
37 49 51 53
46 47 51
37 38 40 53 57
41 44 46 57
0.82 (95
0.52 - 0.95
0.60 (95
0.21 - 0.89
1 2 3 4 5 6 7 8 9 10
0.95-0.97
0.74-0.86
0.83-0.86
0.623-0.661
0.055-0.102
0.71-0.89
0.91-0.98
0.85-0.90
3946-4145
31 32 33
5 16 17
650 0.10
1 4 6 11 12 13 14 15
6 15 25 26
34 35 36
44 45 46
7 8 9 10
302-328
34 35 36
34 35 36
40 46 47
48 49 50
3 29 30
1 4 5 6 33 34
9 10 11
6.0-483
2 8 23 24
0.633 2(0.400
0.376 2(0.141
0.158 2(0.025
32 33 34
569/573
614/618
524/528
9.09-89.09
8.58-29.33
0.15-2.58
0.21-1.64
0.21-1.64
0.77-2.53
0.15-2.58
0.04-0.52
0.11-0.89
0.05-1.53
0.51-3.79
8 20 21
38 39 40 41 42
0.978-0.996
0.13-0.29
0.39-1.44
5.58 +/- 0.41
(865 +/- 31
4.07 +/- 0.16
0.69-4.94
05-3.74
0.14-0.67
0.16-0.82
7 8 9 10 11 12
0.00720
0.00001
0.00001
0.00001
5.9 (95
0.00001
06 - 2.25
0.00001
7 29 30
32 33 34
33 34 35
43 44 45
915 (96
875 (92
0.000925
0.990329
0.960731
30 31 32
6.6 (75
03202001
03202001
03202001
718 (49
905 (84
03202001
6 7 8 9 10
6 11 12
1 2 3 4 5 6 7 8 9 10
0.14-0.99
4 9 12 16
8 9 10 11 12
8 9 10 11 12 13
9 10 12
5000-10000
400-20600
465-495
515-555
528-553
600-660
5 9 10 11 12 13
4 5 6 14
31 32 33 34 35
36 37 38
42 43 44
1 24 25 26
52 53 54 55 56
463/465
4 5 6 7 8 9 10
30 31 32
4 6 7 8 9 10 18
34 35 36
30 31 32
30 31 32
4 6 7 8 9 10 18
34 35 36
31 32 51
53 54 55 56
8 10 11
35 36 37
333-345
323-339
333-345
323-339
7 8 9 10 11
6 11 24 25
0.05-0.01
3 314-519
98.5-100
314-519
000 - 500
314-519
761-765
786-790
701-1028
698-720
2 (721-743
3 (744-766
4 (767-791
792-816
0.1-100
9 10 11 12 13 14
36 42 43
30 31 33
600-1200
400-700
000 - 40
3.19 (0.64
4.25 (0.57
60 + 0.28
37 + 4.58
02 + 0.42
07 + 0.34
3.25 + 0.41
5 12 13 33
6 17 18
3 4 5 6 7 8 9 10
44 45 46
49 50 51
52 53 54
77 78 79
50 (100
5.2/ 100
9 10 11
5 6 9 11 12 15
5 20 22 24
5 20 22
3 11 12 13 14 15
7 8 9 10
7 8 9 19 20
474-484
1 2 3 4 5 6 7 8 9 10
1 (1-504
544-1422
769 (55
338 (42
348 (17
996 (82
0132129
0126925
0136021
0141780
0137428
0136024
0128191
44 45 46 47
61 62 63
64 65 66
70 71 72
81 82 83
2 - 95.32
2 - 0.13
32 33 34
35 36 37
2 3 11 28
31 32 33 34 35
48 49 50
2 4 21 29 30
5 6 8 9 14 22
0.70-0.96
3 4 5 6 7 8 9 10
6 13 16 17
93-77212
4 12 13
1/31/2000
7 22 23 24 25
0.00001
0.05)/0.95
7 24 33
7 23 25
4742-95
0.146) - 0.613
0.146) - 1.076
0.22-0.80
0.31-1.16
0.58-0.99
30 31 32 33
5 6 7 8 9 10
30 31 32
33 34 35
37 38 39 40 41
42 43 44 45
48 49 50 51 52
42 43 44 45
42 43 44 45
56 57 58
0.577216
6 7 8 9 10
6 11 12 13
34 35 36
34 35 36
6 10 16 38 44
74 (0.89
93 (0.67
82 (5.89
54 (0.87
34 (0.24
0.67-0.99
00-1.13
0.25-0.89
+ 0.1818
+ 0.1436
7 8 9 10
8 9 10 11
7 8 9 10 14
5 6 7 13
30 31 32 33 34
39 40 41 42
43 44 45
0.41-0.78
0.29-0.95
0.43-0.90
0.41-0.82
0.37-0.83
0.45-0.86
0.16-0.63
30 31 32
6 10 12
30 31 32 33
48 49 50
70 71 72
5 6 7 8 9 71 72
9-13/21-25
939-943/1340
334-1789
980 (83
(2218 / 2349
3.23.29
6 10 11 12 13 14
38 62 69
0.015-0.017
9 10 11 12
9 10 11 12 13 14
7000-7200
4500-5000
5 24 25 26 27 28
4 34 35
09-6.35
30 31 32 33 34
35 36 37
0.2 - 2039
400-1000
3 17 18
087780 (74
099773 (84
023789 (85
021063 (86
087115 (89
00000299272
0024330
0053719
0056662
51140014
51141656
0077382
0001494
0043880
34803858
34803954
0010358
34803845
34803959
7 8 9 10
3 15 16 17 18
1 13 15 16
2 12 15 18
34 35 36
300 - 337
34 35 36 37 38
6 7 8 9 10
36 37 38 39
0.97-0.98
47 48 49
46 47 48 49
31 32 33 34 35
6 37 38 46
48 49 50
48 49 50
6 7 18 19
7.4) (50
37 38 39
40 41 42
45 46 47
37 38 39
1/15000 - 1/30000
7.6)(10
7605-7675
9 10 11 12
1 2 16 17 18
8 9 10 11 12
35 36 37 38
39 40 41 42
42 43 44
49 50 51
372-805
7 10 11
010/010
011/012
041/042
043/044
045/046
0124/0125
011-012
0124-126
010-010
+24)/54
+19.2)/54
00000056
0000023
0000090
5 6 7 9 10
0.60-15
0.55 (95
0.33-0.93
0.52 (95
0.30-0.89
0.57 (95
0.47 (95
0.27-0.82
0.14-0.89
0.08-0.75
6 7 8 9 10 11 12
6 23 24
30 31 32
7 8 9 10
2 17 18 19 20
4 20 26
025-003
32.5-37
2 3 4 5 6 7 8 9 10
44 46 47
085 (33
53 54 55
3 4 5 6 7 8 9 10
38 39 40
37-4.06
960-989
0.70-1.00
0.57-0.95
0.26-0.99
9 10 11
2 350-450
460-550
000-1.962
5+ 3.922
394-2.3776
+0.68258
2- 9.13538
3+ 1.0086
460-550
37 38 39
57 58 59
8 11 12 13 14
33 - 130
62 (19-204
50 - 2000
30 31 32 33 34
35 36 37 38
31 32 33 34
35 36 37 38
50 4 - 100
02 - 15
8 9 10 11
3 10 15
39 40 41
3 10 15
35 - 52
5 15 16 19
70-2.33
3 16 17
1 19 20 21
72.2-2.41
35 36 37 38
35 36 38
49 50 51 52 53
339-346
404-459
60 - 80
3- 0.25
(0.67 - 2.02
9 10 11 12 13
65270-80
442975-85
9 10 11
0.5 - 100
50 - 60
9 16 17
45 - 185
9 11 18
0.5 - 52
9 10 11
0.79/0.25
0004763
0004763
0004763
0004763
0004763
0004763
0004763
0004763
0004763
0004763
0038968
0004763
0292386
0364034
0004763
0292386
0369397
0004763
0292386
0842892
0004763
0432487
74.2/1000
93/1000
32 33 34
7 8 9 10 11 12
400-800
35 36 37 38 39
42 43 44
3 4 5 6 7 8 9 10
3 4 9 14 18
3 4 8 9 12 13 15
36 37 38 39 40
0000000
04-0.15
36 37 38 39 40
8 9 10 11 12
01001529
30 31 32
01001529
9 10 12
554-620
36 37 38 39 40
46 47 48
7.2). 100
502 (48
841 (41
490 (59
022541.10
87072470
87072472
97397085
97411237
50316348
60101497
87050693
91340878
91393353
94166135
94209475
94398318
55100612
55100612
55100612
94272645
87053023
94272531
1/2/3/8/9/10
1/2/3/8/9/10
9133761
5.0 (19
3 4 12 13 14
7 8 29 31
1 2 3 4 5 6 7 8 9 10
377-415
7004-7011
000 -45
350-400
7 9 10 11 12 13
3767593
8 9 10 11
4 5 6 7 28
4 7 8 10
42 43 44 45
51 55 56 57
46 52 58 59 60
63 64 65
7 8 9 10
7 19 20
39 40 41
43 44 45 46
49 50 51
1 - (0.05
7 8 9 10 11
7 8 9 10 11 12
9 10 11
2 3 12 13 14 15
30 31 32
48 49 50 51
30 - 7.40
33 34 35
8 9 10 11 12 13
8 19 20
37 38 39 40 41
43 44 45
52 53 54
35 36 46 47 48
55 57 58 59
62 63 64 65 66
66 67 68
64 69 70
71 72 73
088 (14
687 (46
964 (54
5070621
071 (55
700-703
8 9 10 11 12 13
5 6 7 10
488/568/647
488/568
515-540
33 34 35 36
7.1 (30
6 7 8 9 10
0.00088
0.05/695
8 9 10 11
2 14 15 16 17
30 31 17
73343 (10
73343 10
73343 (10
5 7 12 28
31 32 33
31 32 33
302/560
9 10 11 12 13
5 6 7 14
5 20 27 28
5 6 9 10
727-927
391-583
6683111
9 10 11
4 25 26
9 10 11
7.5/150
7.4/ 20
7.2/ 10
5 16 17
32 33 34 35 36
40 41 42 43
47 48 49 50
1 2 28 29 30 31 32
33 34 35 36 37
38 39 40 41 42
44 45 46 47 48
49 50 51 52
31 32 33 34
37 38 39 40
42 43 44 45 46
36 48 49 50
37 38 39 40
30 46 56
57 58 59 60 61
386 (47
432 (52
42 43 44 45
42 43 44 45
4 2-(20
8 9 10 11 12 13
9 14 16 17 18 19
30 31 32
37 42 44 45 46
37 42 44 45 46
37 42 55 56 57
37 42 44 45 48
49 62 63
43 64 65
37 42 44 45 48
49 62 63
30 32 33
34 35 43
8 9 10 11 12 13
003 + .01 .997
003 + .99
8 9 10 11 12 13
5 32 33 34
36 37 38
9 10 11
4 22 23 24
701-1873
671-690
32 35 38
32 35 38
1 2 3 4 5 6 7 8 9 10
9 10 25 26 27
9 10 25 26 27
98-1041
99-40003
98-40006
080702-05
00-400117
536-569
570-584
631-632
93-0077
73603119
605-607
99-40003
99-40007
487-491
495-496
502-503
517-519
574-575
302-16752
302-7134
302-9715
302-2340
302-615
302-615
0072602
514-516
301-302
305-306
315-317
367-368
354-355
578-593
96- 30015
300-302
97-30002
357-366
528-529
982-985
31 1997
382-391
626-627
01-40004
315-316
5376-5377
5426-5439
98-1041
94-1312
96-1044
3338-3339
72215823
324-328
802-805
50 (2000
725-726
711-712
711-712
712-714
721-722
724-725
729-731
367-368
328-330
30. 1999
3009 (1996
8. 2004
9 (1999
313 (2001
587 (2001
341-345
393-394
400-402
354-363
369-370
312-313
447-449
338-399
9/11/01
547 (2001
91.1045
91.215 (2001
2-6 (2001
7-1-2 (2001
7-4-2 (2001
7-2-3 (2001
360-361
302-19615
315-366
4/18/01
9/10/01
308-310
325-335
325-335
340-341
329-331
9/11/01
732-733
3009 (1996
337 (2000
543 (2002
992 (1986
5-10-04
747-400
0020104
009714.16
009714.16
0020075
0030079
0020124
476.105
476.105
476.105
99574051
78181983
0020131
4500/80
0020025
0020036
0020214
0020180
0.10 (0.47
0.09 (0.41
0020183
651 (180
00051818
0020007
0020020
0020022
0020031
0020036
870.6300
(202) 512-3086
552 (1994
(202) 512-8326
(202) 512-7101
552 (1994
2 1024627
552 (1994
(202) 512-8210
512-2834
9193 96
67 60 40 20
500 19 90 19 95
00 20 05 20 10 20
30 20 35
40 20 45 20 50
0 0 20 0 5 20
1 0 20 1 5 20 2 0 20
2 5 20 3 0 20 3 5 20
0 1960 1965 1970
0 1992 1993 1994
8280 83
77 78 73
0 1992 1993 1994
6000 500
0001000
0 1992 1993 1994
(202) 512-8210
(202) 512-8777
(202) 512-8210
512-6111
01-1070
01-1070
01-1070
01-1070
01-1070
01-1070
01-1070
01-1070
01-1070
01-1070
01-1070
01-1070
01-1070
01-1070
(202) 512-6806
(202) 512-8210
(202) 512-7014
9-83 (48
1-90 (55
6-96 (62
(202) 512-8210
512-7114
95-9-000
95-8-000
94-7-001
(202) 512-4740
(202) 512-3841
95-9-000
3507. 2 60
(202) 512-8581
(202) 512-8678
(202) 512-8210
(202) 512-8678
3235-0307
3235-0488
(202) 512-8210
(202) 512-8678
3235-0464
3.2 (5/00
(202) 5126000
5122537
(202) 5126000
3.2 (5/00
3.2 (5/00
3.2 (5/00
(202) 512-6000
512-6061
512-2537
(202) 512-6000
1-800-424-5454
(202) 512-8210
(202) 512-5138
(202) 512-5207
512-5138
(202) 512-8326
(202) 512-8678
48290-48332
32350461
3235-0462
(202) 512-6406
500-087
500-090
500-105
500-106
500-109
500-120
500-133
500-134
500-147
500-148
500-153
500-154
500-155
500-161
500-165
500-172
500-173
500-174
500-175
500-180
500-183
500-184
500-187
0. 500-192
500-193
(202) 512-6000
(301) 258-4066
(301) 413-0006
(301) 258-4097
(202) 512-8210
(202) 512-7119
0910-0312
(202) 512-7957
(202) 512-6000
512-6061
512-2537
(202) 512-6000
1-800-424-5454
(202) 512-5207
(202) 512-2834
4958 (1993
3060-0687
(202) 512-8210
(202) 512-5138
0583-0103
451-470
(202) 512-8210
(202) 512-7215
0960-0568
(202) 512-8210
(202) 512-2834
512-2600
(202) 512-6000
(202) 512-2537
512-6061
(800) 424-5454
(202) 512-7470
(202) 512-4800
(202) 512-8326
(202) 512-5138
601-612
0584-0064
(202) 512-5600
512-7055
(202) 512-6000
(202) 512-2537
512-6061
(202) 5128676
5126000
(202) 5126061
5122537
(202) 5126000
(202) 512-8210
(202) 512-7114
731-734
00-21.3.1 (11/99
00-21.3.1 (11/99
00-21.3.1 (11/99
00-21.3.1 (11/99
00-21.3.1 (11/99
00-21.3.1 (11/99
00-21.3.1 (11/99
00-21.3.1 (11/99
00-21.3.1 (11/99
00-21.3.1 (11/99
00-21.3.1 (11/99
00-21.3.1 (11/99
(202) 512-6000
(202) 512-6061
(202) 512-2537
(202) 512-6000
(202) 512-4586
(202) 512-6111
(202) 512-5207
(202) 512-2834
36632-36638
3060-0589
56 (1996
(202) 512-8210
(202) 512-8678
68491-92
3235-0049
(202) 512-5207
512-6111
53212. 60
(202) 512-4586
(202) 512-8234
3060-0636
56 (1996
(202) 512-8210
512-2834
(202) 512-3663
(202) 512-3234
(202) 512-6000
(202) 512-2537
512-6061
(800) 424-5454
(202) 512-7470
512-4800
(202) 512-8210
(202) 512-2834
(202) 512-8210
512-6111
(202) 512-5207
512-5138
0560-0174
(202) 512-8210
512-6111
392-400 (1981
5.15-5.35
5.725-5.825
(202) 512-8210
(202) 512-2834
(202) 5126000
(202) 512-6000
512-6061
512-2537
(202) 512-6000
1-800-424-5454
512-6240
(202) 783-3238
(703) 487-4650
(202) 512-5247
(202) 512-4841
(202) 512-6000
(202) 512-2537
512-6061
(800) 424-5454
(202) 512-7470
(202) 512-4800
(202) 512-8210
(202) 512-6111
(202) 512-8210
(202) 512-7119
0915-0184
371-376
(202) 5122600
(404) 6791902
6791986
(202) 512-6000
512-6061
512-2537
(202) 512-6000
1-800-424-5454
(202) 512-5207
(202) 512-2834
6170 (1994
(202) 512-4586
(202) 5125167
(202) 512-4740
(202) 512-7119
46303-46320
46166-46167
46303-46304
46213-46214
46213-46214
46224-46225
46213-46214
(202) 512-8210
(202) 512-8678
8 (1975
50 (1971
8 (1977
8 (1981
5 (1980
3 (1979
5 (1981
65 (1971
43 (1964
590-601
60 (1949
3 (1975
8 (1977
5 (1981
7 (1983
599-633
81 (1973
7 (1978
5 (1976
(202) 512-6000
(301) 258-4066
(301) 413-0006
(202) 512-6000
79 (1987
3367 (1994
512-5500
(202) 512-2834
3367 (1994
1 20 16 12
97 1 998 1 999
2 00 0 200
788 800 607 620
537 600
391 400
0 1997 1998 1999
0 1997 1998 1999
74 7378
69 70 60 40 20
(202) 512-8210
(202) 512-7114
(202) 512-8676
512-9039
(202) 512-2649
(202) 512-6000
(301) 258-4066
(301) 413-0006
(202) 512-6000
(1960-2000) 10
(1960-2000) 28
(1960-2075) 40
(1960-2075) 41
(2000-2050) 42
(2000-2050) 44
(2000-2075) 45
(1960-2000) 50
(1960-1997) 54
(1960-2000) 66
(1977-1999) 68
(1990-2075) 72
(2000-2075) 73
(1990-2000) 80
(2000-2075) 86
(1960-2075) 91
(2000-2075) 116
512-9573
6 4 2 0 -2 1960
4 (1996
446-447
4 (1996
3 (1957
(2000- 2075
361-365
6 (1974
6 (1974
4 (1996
4 (1996
4 (1996
4 (1996
312-320
(202) 512-6000
512-6061
512-2537
(202) 512-6000
1-800-424-5454
(202) 512-8210
(202) 512-6111
(202) 512-8326
(202) 512-5138
603-605
0584-0064
(202) 512-8210
(202) 512-2834
(202) 512-6000
512-9321
(202) 512-9377
6.8-6.10
6.11-6.17
6.18-6.19
6.20-6.22
6.25-6.27
6.28-6.31
6.32-6.36
6.37-6.38
6.39-6.43
7.30-7.31
7.32-7.33
020-000-00250
7.28-7.31
96 7.20
99 7.27
(202) 512-8210
(202) 512-7114
(202) 512-4586
(202) 512-6111
(202) 512-4740
(202) 512-7631
37362-73
(202) 512-8210
(202) 512-7114
(202) 512-3317
(202) 512-6000
(301) 413-0006
1-800-424-5454
512-4800
(202) 5128387
91-1215
78 (1979
(202) 512-5500
(202) 5125400
600 - .699
700 - .799
3.74.03.93.74
4.94.34.55.66
331-332
318-319
316-317
320-321
341-343
303-304
329-330
311-312
338-339
345-346
9/30/93
9/30/93
9/30/93
9/30/96
9/30/96
9/30/97
9/30/97
9/30/97
512-3841
512-6240
(202) 783-3238
(703) 487-4650
(202) 512-5247
(202) 512-8210
(202) 512-5138
0563-003
(202) 512-5207
512-5138
0579-0015
(202) 512-8676
512-9110
(202) 512-4232
(202) 512-6000
(202) 512-6061
(202) 512-2537
(202) 512-6000
(202) 512-6806
(202-512-3200
(202) 512-6806
(202) 512-6000
(202) 512-2537
512-6061
(800) 424-5454
(202) 512-7470
(202) 512-4800
512-4586
(202) 512-8234
3502(10
(202) 512-5207
(202) 512-2834
5408 (1994
(202) 512-5207
512-8678
512-9406
(202) 512-4400
(202) 512-6000
512-6061
(202) 512-2537
(202) 512-6000
1-800-424-5454
(202) 512-9508
(202) 512-8705
0.697064
0.697064
(202) 512-8705
(202) 512-4079
1-800-424-5454
(202) 512-8210
(202) 512-3841
(202) 512-7101
(202) 512-5207
512-5138
0579-0015
01-1070
(202) 512-6806
(202) 512-8210
(202) 512-7114
38.6-40
38.6-40
(202) 512-8210
512-2834
38.6-40
(202) 512-8210
512-9910
(202) 512-8581
512-2834
96-11 330
49 - 66
300-500
000 - 20
450-650
000-170
50 - 100
600 - 20
30 - 90
4.67 1.87 40
6.36 2.04 32
69 1.96 72.9 150
3.99 2.35 58
50 22 32
50 22 58
480 3.47 28.9 22
656 3.17 19.3 32
0.144 1.56 43.5 12
0.180 1.87 41.6 17
0.05-0.26
0.22-1.32
6 944 28.8 13
832 27.8 17 864
6 6 83211
5 6 83211
5 - - - 11
53.111 264 48
5 - - - 7 292 32
9 11 250 36.0 14
8964 28.6 171
4324 39.8 61
5324 30.1 39
7.62 19.7 21
1 10.3 19.2 21
8.96 19.4 20
6 15.2 21.1 9.68
32.8 34.2 --31
1 24.0 29
0 --19.4 --32
9.91 49.7 50
9.91 49.7 38
954-959
603-613
73 (2001
75 (2001
77 (2001
410 6 24
760 7 21
480 1 42
010 2 44
420 3 42
790 2 35
910 2 18
410 1 12
590 2 10
770 3 12
360 5 11
420 6 10
620 1 31
530 2 33
810 3 13
630 1 18
500 1 33
370 2 34
410 4 20
080 5 19
360 6 20
770 7 23
480 1 40
400 2 41
010 3 41
710 14 3 40
310 154 35
570 232 23
060 30 2 11
600 324 14
810 37 2 24
470 40 4 12
820 1 39
790 2 66
450 1 37
830 2 37
320 3 40
660 2 12
940 2 10
320 2 10
320 3 14
760 4 11
320 2 16
770 3 15
670 1 86
700 2 94
840 1 17
870 2 17
020 4 21
550 3 12
0001 41
590 2 41
73 (2001
74 (2001
73 (2001
2 3 4 5 6 7 8 9 10
73 (2001
76.7 (2001
76 (2001
76 (2001
2 3 4 5 6 7 8 9 10
2 3 4 5 6 7 8 9 10
32 2058
51.122 (2001
2 3 4 5 6 7 8 9 10
51.122 (2001
75 (2001
0.0012818
0.0006479
490-492
494-496
480-487
390-429
038 1.089
800 141
000 262
000 141
000 260
000 195
5 360 670
5 57 110
5.8 (+13
8.5 (+20
80 (+182
373-382
395-402
366-371
449-461
669-674
668-674
09-86-018
927-939
563-568
320-326
440-448
787-793
470-484
687-696
00-1901
410-337-9103
(718) 2375500
(212) 426-3094
343-3013
(800) 642-8279
09-2002
(800) 372-7181
601-948-6752
800-677-1116
800-424-3410
000 196
000 517
000 276
522-3069
(800) 621-3362
(800) 504-7030
(800) 267-7395
(800) 520- 2356
02-6199
05/14/2002
07/14/2002
617-523-5600
(916) 551-2140
(800) 222-1753
722-0204
(800) 952-5225
(800) 399-4529
0.00 0 100 200 300
400 500 600 700
+ (74.31
+ (74.31
+ 74.31
0 100 200 300 400
500 600
0 0 100 200 300 400
500 600 700 800
0 0 100 200 300 400
500 600 700 800
0 100 200 300 400
500 600 700 800
4. 1999
81 1.09 0.62
76 1.28 0.92
64 1.00 0.58
35 1.00 0.73
40 0.87 0.52
04 0.79 0.59
95 + 1.91
+ 0.8 (5.20
+ 0.2 (5.20
+ 0.5 (1.91) + 0.52
(4.19) + 0.48 (4.19
95 + 0.94 + 0.48
(4.08) + 0.52 (4.08
95 + 0.5 (0.94
+ 0.27 (2.78
+ 0.73 (2.78
44 - 7.98
1 / 1000
2 / 1000
1 / 1000
1 / 1000
(202-789-6850
(202-789-6854
59 (2001
514 (2001
957 (1980
47223 (1989). 14
31.9988
0 +-164
52.7495
0 0.02 0.04 0.06
0 0.02 0.04 0.06
0.08 0.1 0.12
2 4 6 81012
2 4 6 81012
30 354045
30 354045
2 4 6 81012
2 4 6 81012
2 4 6 81012
2 4 6 81012
2 4 6 81012
2 4 6 81012
2 4 6 81012
2 4 6 81012
789-6871
789-6861
5 15.1 46.9 73
4 0.6 12.6 15
78.1 20
00 0.83 1.01 0.97
5.55 1.21 0.85
06 1.04 1.07
9.54 12.93 12.22
44 14.78 9.69
98 12.50 14.94
4.53 5.21 4.70
52 4.89 5.28
4.92 5.01 4.30
37 .44 .53 .57
0.800000
0.600000
0.16(17
031 3 74 668
0 1 00 200 3 00 400
500 600 700 800
700 600 500 400
300 200 100
0.32 0.33 0.36 0.40
0.46 0.59 0.97
0.33 0.35 0.38 0.42
0.49 0.63 1.06
0.19 0.59 0.78 25
0.19 0.53 0.72 50
0.19 0.47 0.66
8658 79 33
30 31 36 35 41
39 46 43 50 46
54 49 58
53 62 56 66 59
69 61 72 64 74
66 77 69 79 71
81 72 83 73 84
0.662) (0.747
3 (2000
335-336
475 (1977
587 (1998
519 (1958
550 (1983
829-830 (1995
369 (1988
587-588
658-660
5 (1973
763 (1986
833 (1992
666 (1998
673-674
396-397 (1984
5 (1974
37-38 (1952
727 (1996
684 (1987
99 (1854
525 (1929
484 (1922
362 (1935
313 (1936
(8)-(10) (1994
323 (1997
757 (1999
768-769
769-770
773-778
321-322 (1981
364 (1984
396-397
676 (1998
37 (1983
384 (1993
864 (1989
346-348 (1936
484 (1957
548 (1983
00-1901
78 (1975
8140 (1999
8141 (1999
655.103(3)(1999
9866-68
501.4(1999
58 (1997
6690 (1999
6690 (1999
5 (1999
5) 31 (1994
341 (1997
69 (1994
453-55 (1989
527-30 (1989
8141 (1999
958 (1981
98-107 (1983
98-411 (1984
99-103 (1985
9866-68
83 (1986
91-1000
3 (1986
801 (1998
3. 1996
91-1000
8141 (1999
(202) 336-8800
(202) 336-8959
95-3769
791-804
695-700
95-3014
91-50212
3115-20
791-804
95-3769
95-3039
31 (2001
94-3722
93/268 10 00
93/484 59 95
93/490 40 00
93/301 46 00
93/8912 25 61
(800) 665-7245
(416) 392-6915
(902) 733-2280
837-7500
621 1211
627 6566
620 1006
643 1432
626 5574
422 7070
0299 652351
620 6940
351/279 768 260
87/2-3009
98/83-1011
98/83-4440
98/83-3143
98/83-3732
98/85-2288
987/2-5671
987/2-1379
335-5369
305-932-0051
327-6200
362-1964
(954) 462-3400
462-4100
373-1244
(954) 351-9889
351-9740
368-2014
347-3089
(305) 653-5572
652-9148
331-2631
(954) 359-8353
359-8254
338-2050
(954) 359-8236
359-8238
352-1252
(954) 462-3400
462-4100
809/336-0059
809/336-2711
345-5555
368-5167
367-4000
367-2513
393-8173
373-1066
352-6721
363-3925
327-6000
365-8045
393-0820
322-2606
373-7863
327-6200
363-3000
352-7811
352-6721
327-6200
363-3000
692 02 00
826 72 81
625 75 10
657 21 70
423 17 00
421 16 30
422 43 12
341 05 63
305 20 40
852 82 91
852 47 08
852 42 41
422 40 40
630 63 06
637 50 44
855 80 00
827 58 10
622 31 23
827 66 33
782 45 55
682 83 71
758 58 35
792 08 42
848 67 46
631 48 67
854 01 30
413 73 99
656 13 68
628 43 03
635 14 01
619 40 41
818 08 21
611 35 83
664 88 77
842 27 68
621 44 71
816 10 08
838 25 35
671 22 63
833 73 73
431 20 61
648 27 14
415/221-8442
800/539-5337
(800) 444-4445
(800) 401-4775
619/497-5000
(7) 484-7046
(3) 221-0657
(3) 291-6000
(3) 298-0606
(3) 221-0073
(3) 355-5103
(3) 551-5031
(3) 334-0000
(7) 553-1062
(7) 553-1410
(7) 469-1000
(7) 484-0781
(9) 58 1-0037
(3) 224-0123
(3) 221-0683
(3) 221-0657
(3) 222-1895
(3) 332-1031
(3) 222-3310
(9) 587-0734
(9) 587-0029
(3) 223-1680
(5) 663-5381
(3) 223-1834
(9) 587-1037
(3) 222-3310
(3) 285-0307
(3) 221-0657
(3) 222-3310
(3) 222-6606
(9) 581-0030
(3) 222-1875
(7) 484-1154
(3) 222-1982
(3) 222-1168
(3) 221-1985
03 44 62 34 34
6615-9097
93/268 10 00
93/412 35 32
93/485 99 13
902/101 212
93/301 77 75
93/317 66 53
93/209 33 78
93/325 68 95
93/268 21 05
93/207 08 96
93/315 00 07
93/416 09 09
93/221 74 74
902/33 22 11
93/221 25 06
523-2338
624-1000
723-7800
(978) 369-3120
748-1428
721-0169
725-7337
843-4080
723-3135
721-1000
791-0390
888-8811
888-6000
643-5997
796-8961
796-9816
863-1000
852-6000
853-4052
851-8880
890-2987
796-4654
728-6606
791-5764
728-6606
888-1880
722-3791
01-9694500
01-7282333
01-3232771
01-7227233
01-3225904
01-3244395
01-8960341
01-7720201
01-7290731
01-3235560
01-4515731
01-9846820
01-2324555
01-6834060
(01) 64 74 30 00
621 1211
627 6566
620 1006
643 1432
626 5574
422 7070
0299 652351
620 6940
415/474-1608
415/291-8255
510/238-9200
415/749-2228
415/551-2000
313-5210
325-0082
373-6662
365-4221
(407) 824-4321
(407) 351-3600
800-224-3838
33-4501
33-7507
30-3564
61-2360
33-3510
(015394) 41212
(015394) 47302
(0161) 445-4747
445-4500
(017687) 76949
(017684) 86696
(01539) 720-085
(015394) 34375
(019467) 23316
(01229) 860291
(01539) 725133
(017687) 74411
(01539) 88444
971/72 30 58
971/40 25 12
971/71 13
971/71 74 40
971/79 12 10
971/73 97
971/72 27
971/46 75 71
971/61 31 57
(808) 922-2700
(800) 336-5599
922-8785
(808) 923-2311
(800) 367-2343
926-8004
(808) 949-4321
(800) 445-8667
947-7898
(808) 923-1234
(800) 233-1234
923-7839
(808) 679-0079
626-4446
679-0080
(808) 739-8888
(800) 367-2525
739-8800
(808) 923-3111
(800) 462-6262
924-4957
(808) 922-1233
(800) 367-6060
922-0129
(808) 923-7311
(800) 325-3535
924-7098
(808) 922-3111
(800) 325-3535
923-0308
(808) 922-5811
(800) 325-3535
931-4526
(808) 922-4422
(800) 325-3535
923-8785
(808) 875-1234
(800) 888-6100
(808) 874-2411
(808) 248-8211
(800) 321-4262
(808) 661-1234
(800) 233-1234
667-4714
(808) 669-6205
367-5034
669-0129
(808) 667-9766
(800) 462-6262
661-3733
(808) 879-1922
622-4852
(808) 669-6200
(800) 262-8440
665-0026
(808) 874-1111
(800) 321-6284
(808) 879-8763
78-6740
(808) 322-3441
(800) 462-6262
322-3117
(808) 967-7786
(800) 937-7786
577-1849
(808) 967-8660
(808) 325-8000
(888) 336-5662
325-8100
(808) 886-1234
(808)886-2900
(808) 882-7222
(800) 735-1111
880-3112
(808) 885-6622
(800) 367-2323
885-4556
(808) 886-6789
(800) 922-5533
886-7852
(808) 826-6235
(800) 628-3004
826-9893
(808) 245-5050
(800) 228-9290
(808) 742-6449
(800) 443-7714
742-9162
(808) 742-1661
(888) 847-0208
923-2023
(808) 552-2761
(800) 888-2791
552-0045
(808) 552-2741
(877) 726-4656
534-1606
(808) 565-7211
(800) 795-7211
565-6450
(808) 565-7300
(800) 321-4666
565-4561
(808) 565-7700
(800) 321-4666
565-2483
310/305-9545
(818) 246-5613
(626) 574-5200
(626) 398-5420
(805) 370-2300
1-800-533
(818) 597-9192
818/ 242-8443
818/ 840-8401
(909) 981-3344
(909) 866-7000
(909) 889-3980
1-800-233-3123
818/992-0884
909/592-2739
626/449-9143
670 7788
872 6340
020-8350 7777
(702) 380-7777
(702) 731-7110
(702) 894-7111
(702) 693-7111
(702) 791-7111
(702) 891-7777
(702) 732-6111
(702) 262-4100
(702) 967-4111
(702) 597-7777
(702) 731-3311
(702) 730-7777
(702) 740-6969
(702) 791-7444
(702) 734-5110
(702) 739-2222
702/893-4800
702/369-8382
702/732-8949
702/434-0202
702/878-4849
702/874-1400
1-888-424-6898
702/896-5599
702/388-4088
702/364-2500
702/735-8557
702/382-9903
702/387-6433
702/891-7777
702/731-7110
702/791-7111
702/254-4653
702/658-1400
702/897-2200
702/363-1921
702/363-4533
702/293-2034
(702/873-8800
702/596-2953
(702/486-5413
702/733-8999
702/872-5462
702/734-5110
702/384-0074
702/385-8987
702/642-2984
(702) 796-3600
702/390-4650
702/252-7727
702/262-4000
702/891-1111
702/796-5519
702/731-1925
702/731-1919
702/791-0100
702/739-0305
702/369-1540
702/386-0999
702/798-5995
702/895-7626
702/737-2111
702/737-3819
702/891-7777
702/734-0410
702/364-0070
702/875-4191
702/259-7000
(702/595-2555
702/243-2623
702/256-5111
702/486-3700
000 (70
000 (50
000 (88
385 2880
069 662252
010 156
96/686 18 46
09-862 4770
02-673 3770
06-361174
06-636 1260
04-984 1828
07-637 6663
02-538 0296
(07) 637 0648
03-739 1168
06-06-691 4992
06-06-922 245
06-694 8755
06-633 4404
06-637 6569
633 3666
02-623 7311
02-560 2627
07-637 4276
07-637 3218
07-637 6663
07-633 7222
07-633 0130
03-691 6103
07-637 2405
02-624 7281
02-671 8281
02-534 8999
02-561 0011
02-672 4131
03-691 9510
03-523 3335/527
03-526 6666
03-528 9163
03-696 1297
03-695 9341
07-637 2405
337 1286
346 5000
553 5161
310-285-2438
310/825-4321
310-586-6488
310-454-8212
310-454-4414
623-2489
(213-623-2489
689-8822
957-5200
957-5204
800-417-5288
957-4287
957-4288
957-4373
957-4373
957-5216
957-4061
957-4066
800-545-7937
957-4336
940-1150
940-1157
953-9150
953-9153
800-330-8272
953-2211
800-626-0592
956-7050
956-7055
800-972-2159
956-7505
952-5510
956-5660
800-742-0498
800-238-5290
956-5673
953-2650
953-2654
974-2676
974-2324
974-5826
974-6570
974-2201
974-2219
993-8491
800-337-3499
974-1027
974-1029
975-4271
975-4275
993-8751
993-8753
925-8108
925-7896
800-472-1148
993-7267
993-2602
993-2705
800-633-3284
993-2960
(201) 767-5510
965-3145
965-3185
965-0143
800-786-8452
965-0555
978-8066
978-8071
926-8805
929-7655
929-7657
926-3690
926-3699
800-543-4300
967-8030
967-8040
967-8060
944-8400
957-4170
957-4318
957-4467
957-4287
957-4288
957-4864
957-4373
957-4336
952-4777
952-4777
952 2988
952-1046
952-9391
974-2324
974-2813
993-8491
974-2333
974-1012
993-7267
993-8751
993-8753
993-2602
965-0635
965-0110
965-0114
960-8724
978-3476
978-3479
967-8030
(04) 912 891
910 434
(06) 626 9111
(07) 633 3777
(03) 362 222
633 3326
633 3939
(07) 636 8888
636 8811
(07) 636 0360
(04) 830 6306
(04) 838 7504
(04) 838 9131
838 1068
(02) 627 9777
627 9779
(02) 620 3456
(02) 627 7727
627 7730
(02) 620 8888
620 8880
(02) 530 0333
623 2432
(02) 627 9111
627 1995
(02) 623 1141
625 9323
673 1711
(02) 628 6888
(02) 569 2692
623 5192
670 2555
673 3155
(07) 658 8822
(07) 658 8151
(04) 992 0555
(09) 862 1062
(09) 862 0190
(06) 920 666
692 0456
605 8485
524 9755
(03) 527 1515
527 1065
(06) 672 3769
679 0145
672 1905
(06) 665 8027
675 1590
691 4077
(06) 693 7013
693 7191
679 2161
679 2170
(06) 693 5785
(04) 910 065
(07) 637 1312
(07) 637 1137
(07) 633 1549
(07) 637 9830
(07) 637 3627
(07) 637 6660
637 7434
866 3723
(04) 853 8563
(04) 837 0997
(04) 830 6211
(09) 580 402
(02) 627 1538
(02) 625 5014
(02) 627 9778
(02) 671 0632
(02) 628 6812
(02) 624 2227
(02) 625 6428
(02) 581 367
(02) 625 1042
(02) 624 0863
625 8157
(02) 623 1154
(02) 624 0477
(04) 992 9029
(06) 573 497
(06) 692 0855
(03) 681 3870
682 6766
(03) 517 7619
(06) 672 3036
(06) 679 1546
066 066 0607
(01228) 606000
971/56 30 33
91/429 98 94
91/429 65 51
91/420 24 23
91/521 64 91
91/531 01 88
91/420 23 18
91/532 16 00
91/547 98 00
91/454 85 00
91/531 41 00
91/547 08 00
91/429 66
800/225-5843
91/521 28 57
800/325-3535
800/325-3589
91/360 80 00
91/360 81 00
91/420 15 69
91/420 05 64
91/527 30 60
91/319 69
91/522 46 30
91/521 16 01
921/46 13 03
921/46 04 75
921/46 04 79
921/44 37 37
43 73 62
920/25 12 80
920/25 51 00
920/21 13 40
925/22 08 62
925/22 49 00
925/28 51 25
925/21 42 50
925/22 18 50
643-9291
386-3053
(0742) 22-7771
0289 26539
0286 83080
01 4125376
0944 385307
0242 69666
44 (0)1705
(0)1705 219827
9802.00.80
000/100
(800) 638-8255
